$ANSIBLE_VAULT;1.1;AES256
65326235356437623537663963633764653363333866653262333532393938663038393062333664
3836633333356634356333353536356137366532323936620a376136646261623865393231376139
61636466333036343033393536346465656464376234636331306437363939313032306536616534
3362636631336561390a373836633332336563336662333166336430373038633230383464313363
62353466383563303635653532613934616466663863633539386463386566396161313833353031
38643665343136376361346161626238653465396132363561336438303132393939346132646261
61383064623831363537646437366230663061613731313530393164356535613532656563663231
30653066366338333531393466623030616637326466626234656138326233353038653564333763
64633861663433323835306464666461313933643035636365656461373038616237656335376461
36616330353966366138353566386439313531396431373235653263373339343932323934316463
33393436306366623766383538363664313966663538366432383030633762363331366637616561
37616530313334613466386336666662623635373430393562636462623237653832323937326463
35626533373663333961623761383562393430333764363334323330343362653665636666303339
33633139326466626164643732356464383038393437326333613131663966633431396234363462
33376363356666353935306565383464656136363963613263613664363862343563363239383861
30363666326261363430366562616362616337376238643231393638373939636662313635356663
32666534333161616232323436343634393734653661343639633831613437663064323062316535
38386235323866386131623030656231313534363139383764316365616262336337373739313237
33636565313739356339643438643862383535653935343838323632323963396332393832646139
32636462646365356562313536386263313962343266306231303863376665643239356165616638
3134
