$ANSIBLE_VAULT;1.1;AES256
32376133373531363366396537666539333834366439376361643662646565643838343434613465
6666333766356632353734343264626462343530613930360a333833356434373430623133333137
66626232383462626466306637383336383662613965326563613539363137353933386539343261
3337316337623331380a306434333437303138633461666235653237313361343837646632303166
32303138303337376361623563393662613066306364383030616436636564623364333361303738
37666164383961386464633563373761316266303231653031343263316633303462376335393264
34336663323066326363666635333761613435366564343132316430626339626137666333303539
64376362656533393162353464613262346263333864623765363737333036626366666235666562
62656261616366343733383564656333376339393037663930633563626137613966363433623666
66303933396334373937373232383831376138323836393939376339333566393239633535653664
39316261396366376263643732316538303462336534343765386564393463376565313964343438
37613137666634643131306630353166663234613262323732633939323462383931336436313164
30643936323464356336363837636665353661636166316666303633616239663434363836386634
32356332343661643839356533613663306466373935633335303164313663303566326365376362
61326663633234313164386133363132323865386434623631643633343634386634383263623134
39663962336266373762643565613835373237626631343034623334663536336261363137346566
35306636396266353130376338623035653561323165653432623630633062613061323132383636
62343231313166373962356466373962363438666333346262383133383036303966623362373763
65323539306138366133333264653466323839303964326334373834363864626261336237326332
62303739616462613030
